%YAML:1.0
---
model_type: PINHOLE
camera_name: camera
image_width: 752
image_height: 480
distortion_parameters:
   k1: -3.1635858530074479e-01
   k2: 8.7404198449947582e-02
   p1: -1.6539962625802200e-04
   p2: 6.3446765480501934e-04
projection_parameters:
   fx: 4.1029952811612043e+02
   fy: 4.0948834791876965e+02
   cx: 3.7668808764568666e+02
   cy: 2.2613551819627679e+02
