%YAML:1.0

#common parameters
#support: 1 imu 1 cam; 1 imu 2 cam: 2 cam; 
imu: 1
num_of_cam: 2

imu_topic: "/djiros/imu"
image0_topic: "/djiros/image0"
image1_topic: "/djiros/image1"
output_path: "/home/lch/Documents/calibration_stereo/"

cam0_calib: "left_drone250.yaml"
cam1_calib: "right_drone250.yaml"
image_width: 752
image_height: 480


# Extrinsic parameter between IMU and Camera.
estimate_extrinsic: 1   # 0  Have an accurate extrinsic parameters. We will trust the following imu^R_cam, imu^T_cam, don't change it.
                        # 1  Have an initial guess about extrinsic parameters. We will optimize around your initial guess.

body_T_cam0: !!opencv-matrix
   rows: 4
   cols: 4
   dt: d
   data: [ 5.1681538219678913e-03, 3.4854583101029402e-03, 9.9998057069447177e-01, 1.0434364279956994e-01,
             -9.9959236413613106e-01, 2.8096596711795541e-02, 5.0682160525435394e-03, 4.5461435353326279e-02,
                -2.8078385758676216e-02, -9.9959913607084694e-01, 3.6292450459740611e-03, -2.1598380491973344e-02,
                 0., 0., 0., 1.]


body_T_cam1: !!opencv-matrix
   rows: 4
   cols: 4
   dt: d
   data: [ 3.2461005495833195e-02, -2.2468045663178116e-02, 9.9922043115934978e-01, 1.4963537355030296e-01,
                     -9.9900362522706532e-01, 2.9906465222830247e-02, 3.3126426324868730e-02, -3.3787737808152529e-02,
                         -3.0627437133733448e-02, -9.9930015023613050e-01, -2.1474865137322885e-02, -2.8810992975829341e-02,
                         0., 0., 0., 1.]

#Multiple thread support
multiple_thread: 1

#feature traker paprameters
max_cnt: 150            # max feature number in feature tracking
min_dist: 30            # min distance between two features
freq: 10                # frequence (Hz) of publish tracking result. At least 10Hz for good estimation. If set 0, the frequence will be same as raw image
F_threshold: 1.0        # ransac threshold (pixel)
show_track: 1           # publish tracking image as topic
flow_back: 1            # perform forward and backward optical flow to improve feature tracking accuracy

#optimization parameters
max_solver_time: 0.04  # max solver itration time (ms), to guarantee real time
max_num_iterations: 8   # max solver itrations, to guarantee real time
keyframe_parallax: 10.0 # keyframe selection threshold (pixel)

#imu parameters       The more accurate parameters you provide, the better performance
acc_n: 0.1          # accelerometer measurement noise standard deviation.
gyr_n: 0.01         # gyroscope measurement noise standard deviation.
acc_w: 0.001        # accelerometer bias random work noise standard deviation.
gyr_w: 0.0001       # gyroscope bias random work noise standard deviation.
g_norm: 9.81007     # gravity magnitude

#unsynchronization parameters
estimate_td: 0                      # online estimate time offset between camera and imu
td: 0.0                             # initial value of time offset. unit: s. readed image clock + td = real image clock (IMU clock)

#loop closure parameters
load_previous_pose_graph: 0        # load and reuse previous pose graph; load from 'pose_graph_save_path'
pose_graph_save_path: "~/output/pose_graph/" # save and load path
save_image: 1                   # save image in pose graph for visualization prupose; you can close this function by setting 0
