%YAML:1.0

#common parameters
#support: 1 imu 1 cam; 1 imu 2 cam: 2 cam; 
imu: 1
num_of_cam: 2

imu_topic: "/djiros/imu"
image0_topic: "/djiros/image0"
image1_topic: "/djiros/image1"
output_path: "/home/lch/Documents/calibration_stereo/"

cam0_calib: "left_drone250.yaml"
cam1_calib: "right_drone250.yaml"
image_width: 752
image_height: 480


# Extrinsic parameter between IMU and Camera.
estimate_extrinsic: 1   # 0  Have an accurate extrinsic parameters. We will trust the following imu^R_cam, imu^T_cam, don't change it.
                        # 1  Have an initial guess about extrinsic parameters. We will optimize around your initial guess.

body_T_cam0: !!opencv-matrix
   rows: 4
   cols: 4
   dt: d
   data: [  1.1620426473859746e-02, -2.9025708459931021e-03, 9.9992826781277144e-01, 6.1316649378505013e-02,
           -9.9978903872449032e-01, 1.6903807409272220e-02, 1.1667876474741157e-02, 3.7838120720735245e-02,
           -1.6936461700284511e-02, -9.9985290737065635e-01, -2.7055290648174690e-03, -2.7334161624839107e-02,
            0., 0., 0., 1.]

body_T_cam1: !!opencv-matrix
   rows: 4
   cols: 4
   dt: d
   data: [  2.7183137529344759e-02, -1.8750316703445125e-02, 9.9945460259962848e-01, 7.8801037038403021e-02,
           -9.9901405240434249e-01, 3.4597090745277947e-02, 2.7820215862156272e-02, -3.9698403806804068e-02,
           -3.5099859440098802e-02, -9.9922543349110349e-01, -1.7791372397929717e-02, -2.1725744072663214e-02,
            0., 0., 0., 1.]

#Multiple thread support
multiple_thread: 1

#feature traker paprameters
max_cnt: 100            # max feature number in feature tracking
min_dist: 30            # min distance between two features
freq: 10                # frequence (Hz) of publish tracking result. At least 10Hz for good estimation. If set 0, the frequence will be same as raw image
F_threshold: 1.0        # ransac threshold (pixel)
show_track: 1           # publish tracking image as topic
flow_back: 1            # perform forward and backward optical flow to improve feature tracking accuracy

#optimization parameters
max_solver_time: 0.04  # max solver itration time (ms), to guarantee real time
max_num_iterations: 8   # max solver itrations, to guarantee real time
keyframe_parallax: 10.0 # keyframe selection threshold (pixel)

#imu parameters       The more accurate parameters you provide, the better performance
acc_n: 0.1          # accelerometer measurement noise standard deviation.
gyr_n: 0.01         # gyroscope measurement noise standard deviation.
acc_w: 0.001        # accelerometer bias random work noise standard deviation.
gyr_w: 0.0001       # gyroscope bias random work noise standard deviation.
g_norm: 9.81007     # gravity magnitude

#unsynchronization parameters
estimate_td: 1                      # online estimate time offset between camera and imu
td: 0.0                             # initial value of time offset. unit: s. readed image clock + td = real image clock (IMU clock)

#loop closure parameters
load_previous_pose_graph: 0        # load and reuse previous pose graph; load from 'pose_graph_save_path'
pose_graph_save_path: "~/output/pose_graph/" # save and load path
save_image: 1                   # save image in pose graph for visualization prupose; you can close this function by setting 0
