%YAML:1.0

#common parameters
#support: 1 imu 1 cam; 1 imu 2 cam: 2 cam; 
imu: 1
num_of_cam: 2

imu_topic: "/djiros/imu"
image0_topic: "/djiros/image0"
image1_topic: "/djiros/image1"
output_path: "/home/lch/Documents/calibration_stereo/"

cam0_calib: "left_drone250.yaml"
cam1_calib: "right_drone250.yaml"
image_width: 752
image_height: 480


# Extrinsic parameter between IMU and Camera.
estimate_extrinsic: 1   # 0  Have an accurate extrinsic parameters. We will trust the following imu^R_cam, imu^T_cam, don't change it.
                        # 1  Have an initial guess about extrinsic parameters. We will optimize around your initial guess.

body_T_cam0: !!opencv-matrix
   rows: 4
   cols: 4
   dt: d
   data: [ 1.7648467653614386e-02, -1.2858524214600653e-03,
       9.9984342682893601e-01, 4.3545415998966212e-02,
       -9.9966889742300302e-01, 1.8705248218543025e-02,
       1.7669442949923897e-02, 4.9999141463808695e-03,
       -1.8725039774517116e-02, -9.9982421468607841e-01,
       -9.5530770427210143e-04, -2.3356738324172944e-02, 0., 0., 0., 1. ]
body_T_cam1: !!opencv-matrix
   rows: 4
   cols: 4
   dt: d
   data: [ 3.2531437074331704e-02, -1.7160296356580229e-02,
       9.9932338601217241e-01, 6.2461998679089727e-02,
       -9.9888768721787446e-01, 3.3588295195349005e-02,
       3.3094028923600971e-02, -7.1954056653121545e-02,
       -3.4133472228954964e-02, -9.9928842215589819e-01,
       -1.6048533228016471e-02, -2.6045510295373522e-02, 0., 0., 0., 1. ]
#Multiple thread support
multiple_thread: 1

#feature traker paprameters
max_cnt: 100            # max feature number in feature tracking
min_dist: 30            # min distance between two features
freq: 10                # frequence (Hz) of publish tracking result. At least 10Hz for good estimation. If set 0, the frequence will be same as raw image
F_threshold: 1.0        # ransac threshold (pixel)
show_track: 1           # publish tracking image as topic
flow_back: 1            # perform forward and backward optical flow to improve feature tracking accuracy

#optimization parameters
max_solver_time: 0.04  # max solver itration time (ms), to guarantee real time
max_num_iterations: 8   # max solver itrations, to guarantee real time
keyframe_parallax: 10.0 # keyframe selection threshold (pixel)

#imu parameters       The more accurate parameters you provide, the better performance
acc_n: 0.1          # accelerometer measurement noise standard deviation.
gyr_n: 0.01         # gyroscope measurement noise standard deviation.
acc_w: 0.001        # accelerometer bias random work noise standard deviation.
gyr_w: 0.0001       # gyroscope bias random work noise standard deviation.
g_norm: 9.81007     # gravity magnitude

#unsynchronization parameters
estimate_td: 1                      # online estimate time offset between camera and imu
td: 0.0                             # initial value of time offset. unit: s. readed image clock + td = real image clock (IMU clock)

#loop closure parameters
load_previous_pose_graph: 0        # load and reuse previous pose graph; load from 'pose_graph_save_path'
pose_graph_save_path: "~/output/pose_graph/" # save and load path
save_image: 1                   # save image in pose graph for visualization prupose; you can close this function by setting 0
