%YAML:1.0

#common parameters
#support: 1 imu 1 cam; 1 imu 2 cam: 2 cam; 
imu: 1
num_of_cam: 2

imu_topic: "/djiros/imu"
image0_topic: "/djiros/image0"
image1_topic: "/djiros/image1"
output_path: "/home/lch/Documents/calibration_stereo/"

cam0_calib: "left_drone250.yaml"
cam1_calib: "right_drone250.yaml"
image_width: 752
image_height: 480


# Extrinsic parameter between IMU and Camera.
estimate_extrinsic: 1   # 0  Have an accurate extrinsic parameters. We will trust the following imu^R_cam, imu^T_cam, don't change it.
                        # 1  Have an initial guess about extrinsic parameters. We will optimize around your initial guess.

body_T_cam0: !!opencv-matrix
   rows: 4
   cols: 4
   dt: d
   data: [ 1.2141380314113936e-02, -1.4230879207476343e-03,
       9.9992527806073483e-01, 7.7862858177594516e-02,
       -9.9981667896047977e-01, 1.4789046338650857e-02,
       1.2161109358532318e-02, 3.2479084219573871e-02,
       -1.4805247600259586e-02, -9.9988962337308163e-01,
       -1.2432676027100964e-03, -4.1151798904121149e-02, 0., 0., 0., 1. ]
body_T_cam1: !!opencv-matrix
   rows: 4
   cols: 4
   dt: d
   data: [ 2.7906871028312574e-02, -1.5729764261182777e-02,
       9.9948675882459670e-01, 9.2377602439468381e-02,
       -9.9913175396124931e-01, 3.0503815940762347e-02,
       2.8377023088587860e-02, -4.6025609178601927e-02,
       -3.0934524010032605e-02, -9.9941087232896386e-01,
       -1.4864840898342724e-02, -4.1952415105438963e-02, 0., 0., 0., 1. ]

#Multiple thread support
multiple_thread: 1

#feature traker paprameters
max_cnt: 100            # max feature number in feature tracking
min_dist: 30            # min distance between two features
freq: 10                # frequence (Hz) of publish tracking result. At least 10Hz for good estimation. If set 0, the frequence will be same as raw image
F_threshold: 1.0        # ransac threshold (pixel)
show_track: 1           # publish tracking image as topic
flow_back: 1            # perform forward and backward optical flow to improve feature tracking accuracy

#optimization parameters
max_solver_time: 0.04  # max solver itration time (ms), to guarantee real time
max_num_iterations: 8   # max solver itrations, to guarantee real time
keyframe_parallax: 10.0 # keyframe selection threshold (pixel)

#imu parameters       The more accurate parameters you provide, the better performance
acc_n: 0.1          # accelerometer measurement noise standard deviation.
gyr_n: 0.01         # gyroscope measurement noise standard deviation.
acc_w: 0.001        # accelerometer bias random work noise standard deviation.
gyr_w: 0.0001       # gyroscope bias random work noise standard deviation.
g_norm: 9.81007     # gravity magnitude

#unsynchronization parameters
estimate_td: 1                      # online estimate time offset between camera and imu
td: 0.0                             # initial value of time offset. unit: s. readed image clock + td = real image clock (IMU clock)

#loop closure parameters
load_previous_pose_graph: 0        # load and reuse previous pose graph; load from 'pose_graph_save_path'
pose_graph_save_path: "~/output/pose_graph/" # save and load path
save_image: 1                   # save image in pose graph for visualization prupose; you can close this function by setting 0
